Twin-Prime Propagation, p_n <= 100,000,000
  lower twins            : 440,312
  consecutive pairs      : 440,312
  propagating pairs      : 15,937
  predicted (Conj. A')   : 15,777.3
  actual / predicted     : 1.0101
  mean R(g) over pairs   : 11.3794   kappa = 2*C_2*mean R = 15.0244
  kappa * int_5^X dt/((ln t)^2 (ln 2t)^2) : 15,777.4   actual/that = 1.0101
  D-branch successes     : [(3, 5)]  (Lemma: only (3,5))
  first successes (p,q,C): [(3, 5, 9), (5, 11, 17), (11, 17, 29), (29, 41, 71), (41, 59, 101), (311, 347, 659)]

  dyadic block [lo, hi)      pairs   success  predicted   ratio   rate      pred.rate  mean R
  [2^ 1, 2^ 2)            1         1         0.0     nan  1.000000  0.000000   0.000
  [2^ 2, 2^ 3)            1         1         1.5   0.667  1.000000  1.498577  12.501
  [2^ 3, 2^ 4)            1         1         1.1   0.925  1.000000  1.081137  12.501
  [2^ 4, 2^ 5)            2         1         1.4   0.732  0.500000  0.683043  11.251
  [2^ 5, 2^ 6)            2         1         1.3   0.788  0.500000  0.634456  14.149
  [2^ 6, 2^ 7)            3         0         0.7   0.000  0.000000  0.226295   6.450
  [2^ 7, 2^ 8)            7         0         1.6   0.000  0.000000  0.229170   8.075
  [2^ 8, 2^ 9)            7         1         1.5   0.647  0.142857  0.220944   9.498
  [2^ 9, 2^10)           12         2         2.5   0.791  0.166667  0.210822  11.146
  [2^10, 2^11)           26         5         4.9   1.014  0.192308  0.189696  12.153
  [2^11, 2^12)           45        11         6.7   1.644  0.244444  0.148650  11.279
  [2^12, 2^13)           70         7         9.8   0.714  0.100000  0.140125  12.275
  [2^13, 2^14)          113        12        11.8   1.014  0.106195  0.104743  10.629
  [2^14, 2^15)          215        23        21.9   1.052  0.106977  0.101709  11.786
  [2^15, 2^16)          355        28        31.3   0.894  0.078873  0.088217  11.566
  [2^16, 2^17)          666        61        52.4   1.164  0.091592  0.078683  11.633
  [2^17, 2^18)        1,153       104        82.3   1.264  0.090199  0.071349  11.781
  [2^18, 2^19)        2,071       143       127.5   1.121  0.069049  0.061577  11.297
  [2^19, 2^20)        3,785       224       212.2   1.056  0.059181  0.056063  11.368
  [2^20, 2^21)        6,965       356       359.9   0.989  0.051113  0.051672  11.525
  [2^21, 2^22)       12,495       563       583.6   0.965  0.045058  0.046708  11.410
  [2^22, 2^23)       22,643       972       966.2   1.006  0.042927  0.042673  11.368
  [2^23, 2^24)       41,608     1,665      1637.5   1.017  0.040016  0.039356  11.391
  [2^24, 2^25)       76,371     2,791      2776.6   1.005  0.036545  0.036357  11.399
  [2^25, 2^26)      140,944     4,741      4731.5   1.002  0.033637  0.033570  11.366
  [2^26, 2^27)      130,751     4,223      4149.5   1.018  0.032298  0.031736  11.366

  gap g    pairs     success  predicted  ratio    R(g)
      2         1         1        0.0     nan    0.000
      6     4,768       212      197.4   1.074   12.501
     12    12,568       499      461.9   1.080   11.251
     18     9,153       533      505.6   1.054   17.047
     24     5,730       285      281.8   1.011   15.090
     30    17,563       205      194.9   1.052    3.424
     36     5,092       411      403.4   1.019   24.499
     42    15,973       553      580.5   0.953   11.283
     48     8,597       419      431.7   0.971   15.586
     54     5,577       231      229.5   1.006   12.796
     60    12,532       189      209.4   0.903    5.203
     66     5,743       415      380.2   1.091   20.465
     72    10,130       236      241.0   0.979    7.430
     78     9,543       582      583.5   0.997   19.098
     84     6,266       179      198.6   0.901    9.914
     90    12,266       267      266.8   1.001    6.803
     96     4,752       174      170.1   1.023   11.157
    102     7,933       486      485.1   1.002   19.215
    108     7,751       370      360.4   1.027   14.539
    114     4,524       151      142.8   1.058    9.950
    120     9,271       271      276.4   0.981    9.383

  Gap-6 pairs are prime quadruplets (n, n+2, n+6, n+8):
    consecutive gap-6 pairs   : 4,768   Hardy-Littlewood: 4,724.8   (S_4(6) = 4.15118)
    propagating gap-6 pairs   : 212   Bateman-Horn    : 196.9   (S_6(6) = 51.89583)

  elapsed 1.0s
