Twin-Prime Propagation, p_n <= 10,000,000,000
  lower twins            : 27,412,679
  consecutive pairs      : 27,412,679
  propagating pairs      : 615,447
  predicted (Conj. A')   : 612,777.0
  actual / predicted     : 1.0044
  mean R(g) over pairs   : 11.3297   kappa = 2*C_2*mean R = 14.9588
  kappa * int_5^X dt/((ln t)^2 (ln 2t)^2) : 612,694.8   actual/that = 1.0045
  D-branch successes     : [(3, 5)]  (Lemma: only (3,5))
  first successes (p,q,C): [(3, 5, 9), (5, 11, 17), (11, 17, 29), (29, 41, 71), (41, 59, 101), (311, 347, 659)]

  dyadic block [lo, hi)      pairs   success  predicted   ratio   rate      pred.rate  mean R
  [2^ 1, 2^ 2)            1         1         0.0     nan  1.000000  0.000000   0.000
  [2^ 2, 2^ 3)            1         1         1.5   0.667  1.000000  1.498577  12.501
  [2^ 3, 2^ 4)            1         1         1.1   0.925  1.000000  1.081137  12.501
  [2^ 4, 2^ 5)            2         1         1.4   0.732  0.500000  0.683043  11.251
  [2^ 5, 2^ 6)            2         1         1.3   0.788  0.500000  0.634456  14.149
  [2^ 6, 2^ 7)            3         0         0.7   0.000  0.000000  0.226295   6.450
  [2^ 7, 2^ 8)            7         0         1.6   0.000  0.000000  0.229170   8.075
  [2^ 8, 2^ 9)            7         1         1.5   0.647  0.142857  0.220944   9.498
  [2^ 9, 2^10)           12         2         2.5   0.791  0.166667  0.210822  11.146
  [2^10, 2^11)           26         5         4.9   1.014  0.192308  0.189696  12.153
  [2^11, 2^12)           45        11         6.7   1.644  0.244444  0.148650  11.279
  [2^12, 2^13)           70         7         9.8   0.714  0.100000  0.140125  12.275
  [2^13, 2^14)          113        12        11.8   1.014  0.106195  0.104743  10.629
  [2^14, 2^15)          215        23        21.9   1.052  0.106977  0.101709  11.786
  [2^15, 2^16)          355        28        31.3   0.894  0.078873  0.088217  11.566
  [2^16, 2^17)          666        61        52.4   1.164  0.091592  0.078683  11.633
  [2^17, 2^18)        1,153       104        82.3   1.264  0.090199  0.071349  11.781
  [2^18, 2^19)        2,071       143       127.5   1.121  0.069049  0.061577  11.297
  [2^19, 2^20)        3,785       224       212.2   1.056  0.059181  0.056063  11.368
  [2^20, 2^21)        6,965       356       359.9   0.989  0.051113  0.051672  11.525
  [2^21, 2^22)       12,495       563       583.6   0.965  0.045058  0.046708  11.410
  [2^22, 2^23)       22,643       972       966.2   1.006  0.042927  0.042673  11.368
  [2^23, 2^24)       41,608     1,665      1637.5   1.017  0.040016  0.039356  11.391
  [2^24, 2^25)       76,371     2,791      2776.6   1.005  0.036545  0.036357  11.399
  [2^25, 2^26)      140,944     4,741      4731.5   1.002  0.033637  0.033570  11.366
  [2^26, 2^27)      261,752     8,205      8163.5   1.005  0.031346  0.031188  11.370
  [2^27, 2^28)      484,968    13,888     14072.5   0.987  0.028637  0.029017  11.362
  [2^28, 2^29)      904,799    24,505     24450.5   1.002  0.027083  0.027023  11.335
  [2^29, 2^30)    1,689,477    42,849     42729.3   1.003  0.025362  0.025291  11.339
  [2^30, 2^31)    3,160,113    75,420     74894.8   1.007  0.023866  0.023700  11.333
  [2^31, 2^32)    5,928,904   132,546    132021.5   1.004  0.022356  0.022267  11.334
  [2^32, 2^33)   11,139,071   234,433    233257.3   1.005  0.021046  0.020940  11.324
  [2^33, 2^34)    3,534,034    71,887     71559.7   1.005  0.020341  0.020249  11.320

  gap g    pairs     success  predicted  ratio    R(g)
      2         1         1        0.0     nan    0.000
      6   180,529     4,527     4526.8   1.000   12.501
     12   482,514    11,085    10879.5   1.019   11.251
     18   356,160    12,216    12156.8   1.005   17.047
     24   223,842     7,011     6765.7   1.036   15.090
     30   697,411     4,837     4780.7   1.012    3.424
     36   198,399     9,864     9731.2   1.014   24.499
     42   645,005    14,427    14554.9   0.991   11.283
     48   347,240    10,794    10825.7   0.997   15.586
     54   237,717     6,085     6075.6   1.002   12.796
     60   520,375     5,450     5408.5   1.008    5.203
     66   228,859     9,495     9370.3   1.013   20.465
     72   426,278     6,144     6325.0   0.971    7.430
     78   405,176    15,446    15449.4   1.000   19.098
     84   264,247     5,240     5229.4   1.002    9.914
     90   534,879     7,241     7258.0   0.998    6.803
     96   205,257     4,693     4570.2   1.027   11.157
    102   360,502    13,671    13803.2   0.990   19.215
    108   343,987    10,110     9971.8   1.014   14.539
    114   213,437     3,996     4226.9   0.945    9.950
    120   430,563     8,056     8043.7   1.002    9.383

  Gap-6 pairs are prime quadruplets (n, n+2, n+6, n+8):
    consecutive gap-6 pairs   : 180,529   Hardy-Littlewood: 181,065.1   (S_4(6) = 4.15118)
    propagating gap-6 pairs   : 4,527   Bateman-Horn    : 4,540.6   (S_6(6) = 51.89583)

  elapsed 158.9s
