Twin-Prime Propagation, p_n <= 1,000,000,000
  lower twins            : 3,424,506
  consecutive pairs      : 3,424,506
  propagating pairs      : 95,606
  predicted (Conj. A')   : 95,465.5
  actual / predicted     : 1.0015
  mean R(g) over pairs   : 11.3467   kappa = 2*C_2*mean R = 14.9813
  kappa * int_5^X dt/((ln t)^2 (ln 2t)^2) : 95,471.7   actual/that = 1.0014
  D-branch successes     : [(3, 5)]  (Lemma: only (3,5))
  first successes (p,q,C): [(3, 5, 9), (5, 11, 17), (11, 17, 29), (29, 41, 71), (41, 59, 101), (311, 347, 659)]

  dyadic block [lo, hi)      pairs   success  predicted   ratio   rate      pred.rate  mean R
  [2^ 1, 2^ 2)            1         1         0.0     nan  1.000000  0.000000   0.000
  [2^ 2, 2^ 3)            1         1         1.5   0.667  1.000000  1.498577  12.501
  [2^ 3, 2^ 4)            1         1         1.1   0.925  1.000000  1.081137  12.501
  [2^ 4, 2^ 5)            2         1         1.4   0.732  0.500000  0.683043  11.251
  [2^ 5, 2^ 6)            2         1         1.3   0.788  0.500000  0.634456  14.149
  [2^ 6, 2^ 7)            3         0         0.7   0.000  0.000000  0.226295   6.450
  [2^ 7, 2^ 8)            7         0         1.6   0.000  0.000000  0.229170   8.075
  [2^ 8, 2^ 9)            7         1         1.5   0.647  0.142857  0.220944   9.498
  [2^ 9, 2^10)           12         2         2.5   0.791  0.166667  0.210822  11.146
  [2^10, 2^11)           26         5         4.9   1.014  0.192308  0.189696  12.153
  [2^11, 2^12)           45        11         6.7   1.644  0.244444  0.148650  11.279
  [2^12, 2^13)           70         7         9.8   0.714  0.100000  0.140125  12.275
  [2^13, 2^14)          113        12        11.8   1.014  0.106195  0.104743  10.629
  [2^14, 2^15)          215        23        21.9   1.052  0.106977  0.101709  11.786
  [2^15, 2^16)          355        28        31.3   0.894  0.078873  0.088217  11.566
  [2^16, 2^17)          666        61        52.4   1.164  0.091592  0.078683  11.633
  [2^17, 2^18)        1,153       104        82.3   1.264  0.090199  0.071349  11.781
  [2^18, 2^19)        2,071       143       127.5   1.121  0.069049  0.061577  11.297
  [2^19, 2^20)        3,785       224       212.2   1.056  0.059181  0.056063  11.368
  [2^20, 2^21)        6,965       356       359.9   0.989  0.051113  0.051672  11.525
  [2^21, 2^22)       12,495       563       583.6   0.965  0.045058  0.046708  11.410
  [2^22, 2^23)       22,643       972       966.2   1.006  0.042927  0.042673  11.368
  [2^23, 2^24)       41,608     1,665      1637.5   1.017  0.040016  0.039356  11.391
  [2^24, 2^25)       76,371     2,791      2776.6   1.005  0.036545  0.036357  11.399
  [2^25, 2^26)      140,944     4,741      4731.5   1.002  0.033637  0.033570  11.366
  [2^26, 2^27)      261,752     8,205      8163.5   1.005  0.031346  0.031188  11.370
  [2^27, 2^28)      484,968    13,888     14072.5   0.987  0.028637  0.029017  11.362
  [2^28, 2^29)      904,799    24,505     24450.5   1.002  0.027083  0.027023  11.335
  [2^29, 2^30)    1,463,426    37,294     37151.2   1.004  0.025484  0.025386  11.337

  gap g    pairs     success  predicted  ratio    R(g)
      2         1         1        0.0     nan    0.000
      6    28,388       918      894.7   1.026   12.501
     12    75,478     2,155     2134.4   1.010   11.251
     18    55,399     2,388     2367.6   1.009   17.047
     24    34,959     1,428     1324.4   1.078   15.090
     30   108,563       969      931.0   1.041    3.424
     36    30,844     1,919     1893.8   1.013   24.499
     42    99,116     2,722     2796.3   0.973   11.283
     48    53,375     2,037     2080.2   0.979   15.586
     54    35,731     1,151     1141.1   1.009   12.796
     60    78,670       996     1022.1   0.975    5.203
     66    35,133     1,870     1801.0   1.038   20.465
     72    64,395     1,119     1193.0   0.938    7.430
     78    60,948     2,882     2901.9   0.993   19.098
     84    39,578       984      978.2   1.006    9.914
     90    79,244     1,339     1342.5   0.997    6.803
     96    30,697       888      853.8   1.040   11.157
    102    52,826     2,552     2521.9   1.012   19.215
    108    50,732     1,886     1836.1   1.027   14.539
    114    31,035       773      765.1   1.010    9.950
    120    62,512     1,426     1455.4   0.980    9.383

  Gap-6 pairs are prime quadruplets (n, n+2, n+6, n+8):
    consecutive gap-6 pairs   : 28,388   Hardy-Littlewood: 28,387.0   (S_4(6) = 4.15118)
    propagating gap-6 pairs   : 918   Bateman-Horn    : 896.0   (S_6(6) = 51.89583)

  elapsed 12.2s
